367
535
560
514
492
1477
444
729
1490
1808
364
1314
811
1095
1867
1700
1334
1558
1600
780
1139
874
46
729
1537
1390
1076
1411
319
1715
386
1602
954
436
544
232
1288
1733
944
885
735
226
1690
761
140
279
259
1999
135
1043
1705
955
1557
1302
1253
1943
1660
258
1961
602
1497
89
175
1956
382
1567
821
109
593
894
432
1673
1063
1748
1594
1984
1697
1991
307
737
97
1361
1672
592
1472
146
1410
1967
166
79
955
443
808
144
1111
1625
626
886
815
480
226
1060
1935
1086
396
1149
1220
1526
302
1356
771
1647
1605
575
1712
1381
1276
1151
1689
1020
91
907
996
272
1004
407
1236
376
1044
1631
151
1758
1416
1795
1779
840
29
272
1475
1833
1259
494
416
77
766
775
1765
71
306
114
1437
678
1832
1797
750
1415
1789
1804
1076
771
1679
1870
547
1985
1414
441
1837
1826
1523
1443
23
857
952
739
1741
773
994
884
1390
1084
1295
967
866
1030
1352
915
86
948
505
1722
1069
1224
1551
679
1877
409
1371
823
785
664
758
51
1984
659
167
1290
445
1617
1835
1277
763
956
938
680
998
1894
738
862
1406
664
1706
476
1285
400
460
944
1824
1465
655
435
1093
899
506
1586
1475
1189
715
823
1704
226
1862
1374
799
49
919
714
1651
1038
714
156
227
844
235
3
1936
1111
905
1826
897
188
1621
370
1267
82
532
227
555
1714
251
745
100
992
1296
837
1985
43
987
1605
14
1211
877
1948
982
1985
1864
343
1317
373
263
1043
425
748
302
1338
1863
621
200
1615
1260
1123
1571
1086
1728
1176
786
93
707
1825
1788
1964
1774
1709
1213
1735
502
202
965
1727
492
1725
1774
992
1546
1779
1933
1212
1980
1037
764
1928
1092
634
405
592
52
1376
1676
1863
1109
1517
1777
1436
1905
1861
788
737
248
955
188
1597
216
359
127
259
1681
249
710
758
791
1062
329
532
253
1006
845
283
936
773
1400
402
510
1008
1163
566
1112
887
19
551
5
1427
1174
529
54
1145
1730
725
402
475
1336
1502
282
1762
1375
1237
1028
832
456
349
1794
1971
1945
1701
397
184
38
902
693
1719
905
1811
292
1903
1156
897
367
1390
1011
1006
1047
598
1621
1392
1551
1681
717
1843
102
436
1616
1515
355
316
887
1173
1560
1119
1982
54
860
1804
1898
311
168
930
635
1727
1170
661
211
1272
1336
392
1321
1056
1967
1490
155
375
124
167
476
973
1699
1739
475
978
1500
1413
1339
1835
1577
1697
1960
561
361
1415
401
1476
1470
1233
87
1081
697
1933
585
1506
940
1653
1816
1573
394
804
365
1547
674
1500
1876
1727
1289
279
1098
1000
878
1470
390
287
616
1043
1037
1382
1973
2
1628
1554
1042
1480
1320
683
1150
183
1883
1839
188
1954
1760
1643
781
1837
192
1290
538
1776
1823
1087
276
985
1786
612
1109
1263
228
1755
1569
1237
1890
1837
1676
341
1614
22
384
1698
87
1123
1856
722
1656
618
750
1708
33
1250
693
86
28
1645
418
1448
1803
615
886
1326
1566
1365
365
690
1417
220
706
372
1340
248
746
1054
673
654
429
481
496
838
1054
1452
1691
885
1226
424
1180
1447
112
1409
879
1758
766
511
1826
1968
238
607
1717
1577
139
1758
1051
1930
856
238
41
662
1626
1308
1888
1495
682
411
937
414
555
951
291
581
93
1343
469
334
70
1920
356
1504
650
281
1510
667
879
360
615
1886
1574
1707
2
580
1244
955
1235
1345
1297
201
520
1418
1796
687
395
755
172
858
1837
82
989
896
1662
1393
1251
1522
1011
1977
1718
1548
575
424
1222
51
1691
1032
566
1438
1302
1575
1908
175
1590
896
407
960
1347
1738
1531
1373
221
1263
1583
585
1598
12
289
760
78
105
1095
906
7
300
283
550
1902
1896
1748
260
777
330
717
1729
306
1701
609
837
1178
830
625
947
843
1452
1828
1433
1973
1358
686
426
1380
745
1949
292
770
828
398
477
1488
1547
240
344
856
916
1248
1109
655
1683
1387
1574
1067
807
71
1154
1316
364
1873
1725
1329
923
232
240
93
1967
385
367
1579
1360
457
1593
846
1822
338
1170
1766
679
904
140
1486
642
1626
909
395
411
1062
461
1879
1287
1002
1614
1638
958
1409
1451
1197
695
909
1753
1030
77
1136
634
1776
197
1799
599
1361
899
474
151
718
1508
1797
849
1667
1821
529
370
63
427
1566
538
392
1611
693
57
735
1191
328
311
698
1031
441
974
203
868
626
869
411
167
715
1605
794
1374
1946
1949
342
1984
1262
1994
649
618
274
1245
1781
1217
854
1420
659
1710
1780
281
1982
442
665
903
1402
830
1214
590
1626
736
839
1002
1870
966
360
36
89
1494
914
1166
1755
980
1770
214
406
1764
937
677
938
1241
610
143
700
887
1939
394
688
101
194
356
1918
460
1262
705
1931
1171
771
956
25
1316
1450
1916
606
1130
1504
1394
1342
392
1306
152
622
1592
955
821
717
157
302
1167
456
1293
992
1991
296
108
1480
853
1513
763
801
1226
1938
248
583
337
1043
1894
1843
1431
621
453
661
300
1580
1255
1482
1404
960
3
368
1644
1010
205
1976
311
214
1830
421
1951
1811
1717
45
1566
1148
541
759
1171
602
1541
1607
1382
1391
1155
921
592
12
1091
1115
240
1430
105
1618
1672
1956
1037
174
1378
1614
969
1465
777
1055
300
937
158
1259
1473
992
217
32
1216
1037
1740
1927
741
149
1274
107
850
1507
1437
749
694
705
981
2000
28
1174
651
443
1920
1292
1689
531
1593
920
259
488
1602
1171
298
1479
1203
635
258
1241
1094
190
1549
358
386
1230
768
632
556
445
2
734
57
834
1243
346
1457
821
1423
1702
1186
1347
1737
660
969
904
1365
661
1580
1144
1831
185
1124
478
1613
885
749
359
723
1642
1742
680
316
1709
1422
581
830
767
1644
112
1036
1536
1403
910
53
796
401
1512
503
1089
135
1164
1195
1379
448
1773
212
234
117
366
1092
767
574
1070
1789
1126
791
352
616
941
146
583
1730
1187
1508
1610
543
1798
1051
1035
1273
58
886
1175
1847
868
547
1367
175
798
465
1824
1091
1119
397
1427
738
210
577
1669
157
1419
1837
11
1386
492
1010
602
1337
127
1978
1419
149
1792
991
383
547
1764
353
846
90
647
639
1425
929
327
950
1025
1390
598
319
1332
1721
1184
1140
36
265
495
1467
1412
593
1658
14
1757
1693
1245
545
854
834
776
752
985
1137
561
510
950
894
1096
70
1116
1175
392
510
545
467
354
1628
744
1031
1453
1792
519
1332
1954
1883
333
1957
1083
1351
1561
618
765
1557
1999
741
555
257
1151
547
1373
1464
1725
1355
1346
1620
1838
757
896
682
1067
1735
734
366
1151
143
1208
1831
1320
334
306
637
1037
1609
1434
802
1455
580
1366
1089
367
1524
610
1763
931
1120
191
519
123
463
1305
628
698
931
1225
1640
321
1527
1511
1000
620
425
1639
175
1792
574
1319
1252
460
1390
456
1579
959
1469
586
1709
780
659
1645
1805
215
16
13
968
20
1146
699
1648
879
1946
955
1887
1331
1012
294
255
1982
458
305
1568
1577
691
585
203
1485
543
1351
1391
1239
352
1329
275
1954
1687
430
1760
1295
1928
1723
60
1090
296
1814
670
1256
1560
646
1946
1733
486
695
294
1845
839
680
1819
1702
653
16
1347
1579
485
1141
1320
422
1693
455
1614
741
1858
1715
1211
1303
1646
1457
1015
1810
892
307
1400
937
1213
840
1633
1733
1231
1997
1557
1944
486
1345
250
834
338
1769
209
438
1367
1744
1266
1455
1354
1748
1812
217
1079
1397
1955
1795
1552
1281
705
1640
987
514
1348
1699
67
477
309
904
1382
1077
1707
135
1321
1111
1458
499
741
644
1137
934
681
1797
623
1258
605
430
426
1208
1195
104
1961
239
293
1710
885
455
564
1233
1275
1979
469
1433
1610
638
1370
950
1493
174
779
1616
859
80
138
291
1424
1236
1349
764
846
306
108
324
852
170
1782
1226
1598
1255
1280
114
1685
293
419
1617
1623
134
850
1503
497
1879
1457
867
927
843
743
1170
683
65
105
964
1659
62
1273
1728
1736
113
274
1760
1246
1190
1091
1441
1544
83
1158
18
1934
939
244
1850
382
1193
1002
1853
933
1479
1545
388
1422
1621
583
120
394
1903
910
1810
261
1592
1463
135
666
1342
942
413
1692
1258
1085
1200
1093
1779
1591
1227
619
1146
1961
468
788
1195
36
1675
1864
518
922
1635
216
935
1731
701
760
843
156
356
1197
1218
1128
301
1553
47
1587
880
1344
379
1325
708
1180
1057
574
920
1689
1321
1393
138
295
1854
205
212
119
1481
1352
344
689
541
905
1708
1
839
238
1426
1857
140
1978
1235
700
1286
1744
113
1030
389
1048
1054
1745
1871
1130
1909
530
673
1091
570
1549
1280
1838
1363
60
1353
1564
664
1275
461
95
229
1764
1307
1018
836
296
724
270
1238
1187
695
168
1713
1662
838
775
1011
1434
225
615
419
740
1722
1769
1844
422
574
