605
1046
1262
1288
1027
1397
1622
1858
1312
1150
1684
1543
1844
1186
1706
1235
1335
1314
1244
1590
1959
1672
1134
1239
1976
1404
1673
1240
1083
1846
1123
1685
1231
1222
1461
1851
1874
1869
1629
1079
1310
1953
1877
1617
1631
1569
1866
1477
1184
1132
1687
1170
1939
1127
1979
1091
1131
1607
1338
1697
1124
1226
1269
1286
1323
1872
1594
1368
1136
1600
1462
1583
1550
1337
1099
1265
1031
1164
1229
1618
1563
1677
1582
1043
1861
1217
1831
1183
1387
1695
1847
1218
1366
1281
1175
1862
1628
1053
1627
1922
1920
1139
1409
1985
1675
1100
1873
1151
1875
1001
1328
1058
1702
1696
1556
1610
1879
1369
1279
1693
1334
1406
1168
1568
1076
1185
1386
1413
1135
1220
1698
1919
1968
1216
1341
1552
1133
1458
1561
1365
1881
1615
1974
1147
1471
1332
1705
1689
1837
1051
1571
1373
1146
1180
1898
1612
1232
1182
1174
1121
1971
1544
1320
1897
1325
1122
1225
1589
1912
1992
1901
1986
1407
1538
1908
1026
1845
1551
1003
1578
1372
1699
1330
1223
1050
1932
1633
1924
1460
1843
1054
1336
1917
1834
1584
1853
1576
1130
1482
1984
1549
1414
1331
1166
1478
1840
1047
1408
1342
1248
1597
1865
1126
1138
1868
1144
1998
1592
1230
1384
1566
1903
1187
1931
1560
1167
1152
1635
1565
1573
1179
1947
1921
1944
1562
1142
1952
1904
1343
1832
1309
1683
1943
1243
1270
1402
1465
1928
1958
1246
1084
1148
1691
1554
1457
1913
1412
1611
1678
1547
1852
1927
1390
1540
1997
1954
1850
1241
1585
1886
1849
1455
1275
1285
1951
1473
1605
1378
1345
1056
1200
1885
1882
1318
1052
1701
1177
1940
1149
1080
1880
1925
1082
1389
1383
1219
1595
1682
1278
1863
2000
1385
1321
1466
1484
1603
1581
1238
1910
1838
1593
1575
1999
1975
1283
1995
1221
1604
1463
1178
1936
1890
1555
1957
1381
1609
1889
1215
1059
1096
1120
1393
1453
1189
1268
1935
1405
1948
1092
1403
1989
1284
1621
1859
1894
1994
1929
1398
1905
1559
1095
1029
1548
1842
1266
1049
1613
1224
1588
1316
1055
1680
1097
1474
1322
1002
1267
1679
1199
1539
1700
1264
1291
1340
1311
1888
1374
1990
1625
1181
1367
1468
1377
1165
1895
1987
1169
1914
1942
1623
1057
1946
1864
1601
1093
1906
1333
1048
1634
1319
1553
1410
1839
1981
1930
1620
1451
1956
1282
1469
1376
1848
1452
1464
1993
1086
1292
1481
1602
1090
1228
1606
1907
1344
1972
1391
1242
1887
1140
1867
1094
1830
1579
1949
1137
1977
1902
1087
1143
1030
1967
1472
1546
1339
1933
1982
1392
1857
1900
1692
1411
1044
1570
1227
1991
1891
1572
1973
1632
1088
1941
1075
1915
1172
1884
1996
1396
1078
1028
1485
1273
1626
1467
1456
1950
1280
1923
1315
1245
1233
1401
1934
1580
1313
1290
1371
1173
1938
1277
1586
1591
1475
1557
1089
1261
1608
1955
1119
1098
1327
1616
1694
1145
1969
1329
1686
1263
1980
1918
1564
1470
1276
1688
1983
1234
1567
1370
1483
1537
1870
1480
1624
1926
1454
1271
1674
1375
1703
1856
1883
1896
1176
1945
1247
1892
1619
1596
1833
1085
1394
1916
1841
1077
1045
1324
1274
1636
1101
1855
1545
1587
1188
1704
1541
1128
1630
1000
1400
1676
1681
1395
1542
1287
1937
1237
1459
1415
1380
1399
1860
1272
1893
1558
1876
1081
1598
1326
1476
1970
1899
1129
1171
1236
1599
1911
1574
1317
1988
1382
1125
1577
1854
1289
1878
1835
1978
1379
1871
1836
1690
1416
1614
1909
1141
1388
1479

237
1025
1540
1935
1716
1145
1180
1990
1069
1679
1495
1541
1316
1515
1782
1234
1355
1124
1300
1411
1193
1308
1614
1652
1692
1296
1669
1722
1927
1415
1456
1502
1199
1886
1748
1051
1310
1013
1643
1006
1698
1185
1472
1330
1812
1376
1397
1691
1872
1939
1206
1162
1903
1443
1385
1645
1116
1621
1479
1298
1523
1908
1221
1417
1607
1287
1476
1606
1558
1067
1077
1191
1793
1441
1425
1885
1768
1836
1688
1746
1233
1315
1305
1075
1735
1913
1061
1342
1780
1823
1800
1381
1257
1761
1196
1975
1744
1951
1581
1930
1552
1600
1373
1519
1824
1062
1976
1092
1981
1328
1019
1148
1788
1968
1509
1410
1171
1070
1129
1230
1125
1955
1745
1104
1319
1582
1391
1964
1923
1781
1220
1161
1241
1351
1215
1050
1620
1483
1312
1111
1073
1602
1638
1640
1929
1031
1619
1999
1398
1459
1832
1674
1142
1700
1750
1992
1637
1948
1542
1140
1858
1867
1657
1603
1437
1699
1390
1235
1324
1970
1682
1772
1618
1642
1452
1322
1526
1543
1813
1579
1153
1815
1797
1066
1001
1325
1530
1843
1537
1143
1141
1838
1518
1889
1989
1730
1359
1266
1486
1413
1663
1335
1261
1828
1011
1003
1535
1253
1352
1636
1892
1190
1917
1232
1840
1577
1433
1712
1212
1936
1273
1658
1984
1817
1101
1384
1015
1277
1562
1035
1106
1202
1033
1151
1109
1418
1554
1635

18
1282
1043
1924
1245
1826
1525
1134
1286
1163
1865
1860
1567
1659
1844
1279
1323
1720
1010

